[gd_scene load_steps=2 format=3 uid="uid://cx8ycl8uqbw4j"]

[ext_resource type="PackedScene" uid="uid://bf21p2j1vpc7f" path="res://meshes/fish/spikey.fbx" id="1_gxlia"]

[node name="scene_icon" type="SubViewport"]

[node name="spikey" parent="." instance=ExtResource("1_gxlia")]
transform = Transform3D(1, 0, 0, 0, 1, 0, 0, 0, 1, 0.420696, -0.144683, -1.11329)

[node name="Camera3D" type="Camera3D" parent="."]
transform = Transform3D(-0.0942474, 0, 0.995549, 0, 1, 0, -0.995549, 0, -0.0942474, 1.88345, -0.0832157, 0.507921)
current = true

[node name="SpotLight3D" type="SpotLight3D" parent="."]
transform = Transform3D(0.998274, -0.0531405, 0.0250094, 0.0587314, 0.903243, -0.425092, -9.70036e-10, 0.425827, 0.904805, 0, 0, -1.93445)

[node name="Node3D" type="Node3D" parent="."]
transform = Transform3D(-0.0942474, 0, 0.995549, 0, 1, 0, -0.995549, 0, -0.0942474, 2.19492, 0.225099, 0.403441)
